path_number	24
link_state	1
TX	666.385	177.438	3.67127
RX	403.744	933.63	1.6
delay	18.3621	1332.42	2539.77	3068.76	222.85	2411.33	996.852	1164.6	1266.59	1116.77	1170.1	1185.82	68.5571	1542.77	143.53	596.769	495.835	2662.91	358.148	270.459	1332.42	1332.42	2411.33	2411.33	
pathloss	172.499	165.161	176.332	167.081	173.221	166.519	174.424	167.116	171.868	171.245	176.151	177.612	174.801	172.736	173.352	174.451	178.705	176.924	184.413	185.967	165.161	165.161	166.519	166.519	
zod	92.5732	92.4846	92.6341	92.4626	92.5803	92.4939	92.3565	92.4674	92.4228	92.3988	92.3428	92.336	92.3605	92.6011	92.3716	92.5959	92.3151	92.3198	92.2284	92.7444	92.4846	92.4846	92.4939	92.4939	
zoa	104.082	91.3226	110.635	84.839	103.678	90.9647	73.1398	86.3019	78.2642	76.6265	68.5622	69.6749	73.7449	101.759	75.8133	107.894	68.1228	69.679	55.9368	127.942	91.3226	91.3226	90.9647	90.9647	
aod	358.243	304.369	10.988	257.423	344.118	314.554	218.823	256.612	227.596	223.976	217.232	197.085	215.757	343.617	215.489	1.7006	205.011	199.948	192.049	38.8765	304.369	304.369	314.554	314.554	
aoa	124.888	112.871	132.396	99.4086	129.686	119.555	86.4576	98.0773	92.3822	92.6091	87.1538	86.1539	91.1597	129.106	91.2857	130.57	83.7212	85.3898	80.1264	137.687	112.871	112.871	119.555	119.555	
path_number	24
link_state	1
TX	598.031	586.413	4.10112
RX	403.744	933.63	1.6
delay	101.008	40.6623	173.601	41.1985	35.0977	5.4603	60.3788	22.0994	3.87508	151.975	2.92804	29.386	53.989	72.5503	11.2838	33.4023	57.2335	16.4946	74.42	29.197	40.6623	40.6623	2.92804	2.92804	
pathloss	162.173	158.664	161.315	164.05	162.765	164.313	163.166	167.186	162.656	165.928	160.273	160.511	166.935	168.044	167.682	166.662	172.254	167.423	174.475	175.714	158.664	158.664	160.273	160.273	
zod	96.3687	91.1263	88.272	85.6843	86.2038	98.3067	97.6888	102.149	86.309	81.6703	92.6641	95.1566	79.9388	102.762	103.572	101.779	109.174	82.2207	111.834	112.582	91.1263	91.1263	92.6641	92.6641	
zoa	96.9918	91.1926	82.9291	77.4149	78.6139	100.263	97.9768	108.149	80.4491	76.4656	93.7998	91.195	73.3951	105.687	107.291	106.289	114.236	71.8384	122.978	124.88	91.1926	91.1926	93.7998	93.7998	
aod	327.212	298.892	268.448	262.052	269.449	334.238	341.11	354.245	273.946	250.103	314.546	324.646	250.38	359.724	348.631	345.904	358.504	251.252	5.65153	15.0758	298.892	298.892	314.546	314.546	
aoa	132.291	118.566	110.978	104.726	106.412	134.168	130.857	137.322	105.027	99.5687	128.581	128.539	104.292	140.646	137.218	133.447	144.741	102.41	141.401	145.792	118.566	118.566	128.581	128.581	
path_number	24
link_state	1
TX	421.067	834.184	4.49343
RX	403.744	933.63	1.6
delay	129.902	252.283	154.353	391.01	68.6382	338.729	335.956	2.28392	103.654	134.284	3.88022	109.396	324.82	158.672	113.847	91.8175	254.902	110.504	187.18	48.2341	154.353	154.353	335.956	335.956	
pathloss	140.613	139.626	135.975	142.117	144.927	141.399	137.865	142.849	142.401	140.149	142.389	142.764	142.728	142.843	142.763	142.818	148.197	147.295	148.144	157.559	135.975	135.975	137.865	137.865	
zod	98.3732	95.7929	87.3038	102.69	111.54	79.5435	95.6431	73.5128	101.165	81.213	74.6548	74.4297	75.5757	72.5359	75.2834	74.5973	61.2087	115.611	61.4415	40.3267	87.3038	87.3038	95.6431	95.6431	
zoa	96.5995	94.8461	87.9394	98.2812	108.192	78.7796	91.787	77.9641	100.365	81.2244	75.8608	76.7943	77.5954	77.034	74.2625	74.8124	63.7914	111.611	64.7294	49.699	87.9394	87.9394	91.787	91.787	
aod	320.65	321.779	285.857	329.191	353.045	225.277	317.114	208.105	341.327	235.327	217.74	217.404	218.792	219.214	220.427	215.899	194.126	2.3274	195.859	169.824	285.857	285.857	317.114	317.114	
aoa	125.197	118.118	95.4839	126.02	131.411	76.347	113.351	80.8324	122.752	81.3609	75.2565	76.252	74.7443	75.5478	70.0906	76.4496	65.8184	133.296	68.1933	57.6135	95.4839	95.4839	113.351	113.351	
path_number	23
link_state	1
TX	742.32	115.199	4.44349
RX	403.744	933.63	1.6
delay	1573.63	44.0039	558.821	101.116	295.307	50.0246	184.232	193.253	687.886	140.575	243.703	167.299	184.259	765.047	991.466	1174.99	1978.92	92.2708	605.496	1573.63	1573.63	243.703	243.703	
pathloss	163.617	173.182	167.886	172.671	168.708	168.638	171.217	174.851	169.608	170.857	165.971	172.595	169.766	170.4	174.006	176.363	177.723	182.872	178.794	163.617	163.617	165.971	165.971	
zod	92.633	92.8572	92.7041	92.8135	92.5594	92.5739	92.5008	92.8627	92.544	92.5308	92.7064	92.8239	92.773	92.7633	92.4534	92.413	92.9444	92.2623	92.9603	92.633	92.633	92.7064	92.7064	
zoa	90.4936	109.937	99.2814	105.079	79.9541	78.4323	76.8605	111.44	76.1879	74.8782	98.6278	109.734	102.269	100.313	66.7653	63.4923	117.666	53.1571	118.014	90.4936	90.4936	98.6278	98.6278	
aod	280.938	26.2704	343.532	13.9926	222.9	232.221	211.562	22.5558	221.146	226.113	344.404	25.4383	356.877	12.2414	192.087	179.339	43.1427	161.356	56.726	280.938	280.938	344.404	344.404	
aoa	111.991	131.556	123.493	132.828	99.2998	99.453	94.8613	129.62	98.8988	98.1236	120.114	128.527	126.06	128.329	94.8036	92.6329	134.583	86.2656	134.23	111.991	111.991	120.114	120.114	
path_number	24
link_state	1
TX	433.967	377.098	3.23431
RX	403.744	933.63	1.6
delay	32.7999	2.42772	612.803	227.731	399.731	196.152	701.727	428.052	651.493	129.509	188.441	332.39	274.43	214.455	734.623	352.288	102.575	376.349	210.273	172.209	227.731	227.731	196.152	196.152	
pathloss	161.054	161.74	168.339	156.063	164.673	158.548	164.475	163.045	159.375	165.393	164.024	167.559	165.574	167.767	166.464	166.623	172.652	166.435	172.175	171.193	156.063	156.063	158.548	158.548	
zod	88.525	88.3969	83.8042	91.364	96.8576	89.8894	86.5069	97.3028	90.6828	97.7895	86.5038	98.8853	85.3621	99.9311	84.5183	84.9488	102.412	99.4436	102.46	102.231	91.364	91.364	89.8894	89.8894	
zoa	81.1796	82.3158	75.1232	89.807	101.621	86.1071	79.2287	99.2173	84.9895	101.274	76.641	103.481	78.6544	106.029	76.3431	76.3434	110.344	104.47	110.685	110.725	89.807	89.807	86.1071	86.1071	
aod	198.389	210.776	162.769	257.199	1.15454	211.8	175.711	22.3772	210.722	7.67782	187.82	21.0828	172.077	21.0591	161.307	151.2	40.3014	20.1785	70.2578	51.277	257.199	257.199	211.8	211.8	
aoa	54.7293	48.797	26.9418	94.2602	149.45	57.4952	41.3162	138.333	64.8654	150.712	36.9109	161.979	39.8223	161.901	31.2654	34.6828	172.931	154.421	176.971	180.063	94.2602	94.2602	57.4952	57.4952	
path_number	24
link_state	1
TX	592.954	803.507	2.20139
RX	403.744	933.63	1.6
delay	248.212	1144.53	268.622	1264.41	154.616	336.696	1009.26	246.526	1087.44	1821.88	845.094	675.721	9.62928	151.83	608.023	1264.99	623.136	459.755	90.6264	910.173	1144.53	1144.53	1264.41	1264.41	
pathloss	148.706	140.997	144.782	144.502	148.631	151.87	147.647	151.527	146.993	151.283	148.368	150.878	156.17	153.66	152.822	149.554	157.665	155.414	162.38	161.397	140.997	140.997	144.502	144.502	
zod	93.2574	89.5455	91.9077	89.0581	86.9191	85.3785	87.379	94.5887	87.0903	85.8901	86.7843	86.2638	83.7813	84.1567	95.1017	94.1028	97.2337	96.4913	99.1071	81.7652	89.5455	89.5455	89.0581	89.0581	
zoa	104.682	89.1413	97.1518	84.8168	76.5178	71.0756	75.8476	110.999	77.3609	63.3254	75.6462	74.0879	59.4286	63.5143	114.484	106.779	124.61	120.514	131.827	47.5775	89.1413	89.1413	84.8168	84.8168	
aod	40.251	339.102	9.97898	277.014	249.157	236.232	244.752	57.2343	246.751	239.345	259.32	246.409	215.207	239.098	55.0781	50.0342	80.029	78.6227	89.2777	198.8	339.102	339.102	277.014	277.014	
aoa	173.146	144.54	165.308	124.828	116.548	113.585	122.315	176.239	121.644	116.454	120.683	114.091	105.552	108.078	178.44	175.312	182.989	181.672	189.818	100.927	144.54	144.54	124.828	124.828	
path_number	23
link_state	1
TX	417.333	226.332	2.66109
RX	403.744	933.63	1.6
delay	2849.79	521.463	82.113	34.0928	847.705	630.106	24.7286	890.756	63.4789	1193.55	440.529	472.854	212.342	539.129	697.89	28.2511	25.0675	713.945	350.106	82.113	82.113	630.106	630.106	
pathloss	162.82	157.324	156.691	161.294	159.928	156.437	158.905	160.436	170.343	168.169	166.053	164.496	167.822	165.033	168.885	164.558	172.025	171.809	176.391	156.691	156.691	156.437	156.437	
zod	92.6244	92.22	92.252	92.548	92.0027	92.2125	92.1549	92.597	93.0059	91.5761	91.5893	91.7824	92.8409	92.7067	92.9963	91.7101	91.1959	91.3232	93.4389	92.252	92.252	92.2125	92.2125	
zoa	99.671	87.5292	90.0864	96.8081	84.2861	89.5836	84.7427	97.1346	112.632	70.5646	73.5349	74.7958	109.066	101.801	109.663	78.7652	65.3926	64.6739	123.267	90.0864	90.0864	89.5836	89.5836	
aod	333.291	251.663	266.726	321.466	229.183	259.583	223.308	303.019	359.312	207.177	205.555	187.331	349.943	321.182	338.893	197.573	183.773	182.965	357.344	266.726	266.726	259.583	259.583	
aoa	130.122	78.6011	85.2256	130.107	67.0706	94.988	70.2413	115.247	153.263	41.0561	40.5214	50.7379	143.903	139.633	144.171	47.9867	25.7717	31.2662	163.405	85.2256	85.2256	94.988	94.988	
path_number	23
link_state	1
TX	681.512	933.495	4.04982
RX	403.744	933.63	1.6
delay	10.9739	27.1453	58.0723	287.507	51.757	79.5318	29.6991	1.17362	167.254	32.2161	64.4047	56.9863	59.8692	23.9787	37.558	100.81	84.2643	42.5116	92.5218	51.757	51.757	167.254	167.254	
pathloss	140.918	144.059	141.603	141.763	137.275	144.395	140.172	141.112	139.705	142.794	143.827	142.495	143.164	142.13	146.058	149.556	147.734	146.334	147.442	137.275	137.275	139.705	139.705	
zod	88.6967	87.2823	88.3251	88.963	91.5987	94.8665	92.7286	92.9518	92.5701	93.6132	93.59	93.3773	87.2405	88.2827	96.0817	84.8033	96.6441	96.2995	85.3529	91.5987	91.5987	92.5701	92.5701	
zoa	75.9134	69.7394	79.66	77.0532	87.4979	109.636	97.829	100.498	96.4985	106.274	108.442	101.751	74.8729	77.101	113.238	55.9389	119.477	114.243	63.8782	87.4979	87.4979	96.4985	96.4985	
aod	333.169	331.035	331.139	334.908	359.26	41.3678	18.5324	22.1371	15.3973	28.7482	27.4649	30.2749	327.944	333.123	34.7764	320.539	39.5356	31.9785	320.386	359.26	359.26	15.3973	15.3973	
aoa	171.222	168.817	172.028	171.963	180.654	191.779	186.845	189.121	187.472	190.11	189.06	190.159	170.151	172.556	192.476	164.882	193.167	192.757	167.635	180.654	180.654	187.472	187.472	
path_number	24
link_state	1
TX	188.098	949.967	2.47342
RX	403.744	933.63	1.6
delay	644.389	299.671	190.545	706.004	878.48	206.81	2550	41.6284	40.8485	1398.97	11.6028	2665.72	1517.39	2284.2	1668.93	1995.95	1736.31	890.853	3160.92	5277.75	644.389	644.389	206.81	206.81	
pathloss	142.021	143.528	144.893	148.763	149.781	141.733	147.906	144.418	147.854	145.178	150.743	155.022	153.64	149.84	152.283	154.473	153.561	156.833	158.177	166.175	142.021	142.021	141.733	141.733	
zod	90.9155	88.8101	91.5135	85.4257	83.2992	90.4862	95.1189	91.6824	86.0331	87.5557	96.8907	80.4706	97.9984	96.1388	83.1055	99.7908	82.1307	79.7508	102.073	72.5337	90.9155	90.9155	90.4862	90.4862	
zoa	89.3599	88.2683	93.0604	84.4262	83.5398	89.1217	95.1675	91.378	86.1353	87.7765	96.3023	79.061	98.3541	96.7708	81.8707	100.287	80.7914	78.4501	102.705	70.2672	89.3599	89.3599	89.1217	89.1217	
aod	158.877	98.2081	256.452	72.1719	62.9135	180.229	274.04	250.782	64.1459	98.9348	293.134	27.429	322.458	291.207	44.9495	320.474	39.1775	14.746	340.164	337.549	158.877	158.877	180.229	180.229	
aoa	338.244	317.044	45.4327	287.427	275.555	351.277	60.7957	34.0212	293.232	288.138	73.9363	254.231	90.1023	77.6746	270.094	91.9771	267.072	256.272	90.2635	223.737	338.244	338.244	351.277	351.277	
path_number	24
link_state	1
TX	968.902	690.877	3.98908
RX	403.744	933.63	1.6
delay	246.096	10807.9	673.034	9249.68	2195.38	2693.97	1198.81	19480.9	5029.72	2094.28	4731.6	2666.34	12961.8	894.178	7135.44	997.158	6574.38	7926.67	2275.48	91.6531	10807.9	10807.9	1198.81	1198.81	
pathloss	178.009	171.965	172.978	173.952	175.165	175.647	169.784	178.487	181.054	172.01	174.321	177.509	175.786	176.858	179.434	182.996	186.427	184.435	189.67	188.461	171.965	171.965	169.784	169.784	
zod	92.0395	92.1465	92.1217	92.2652	92.1004	92.2615	92.1668	92.3029	92.3531	92.2096	92.2591	92.06	92.0866	92.0834	92.0656	92.3721	91.9208	92.4039	91.8902	91.8786	92.1465	92.1465	92.1668	92.1668	
zoa	65.5464	86.0593	82.0845	100.904	76.6608	103.635	92.1202	115.02	128.249	90.6129	101.591	64.5528	68.302	64.8808	62.6407	126.036	41.0005	128.385	31.8266	34.1061	86.0593	86.0593	92.1202	92.1202	
aod	236.183	264.279	281.409	68.6309	238.454	65.8231	348.945	90.2139	110.747	28.026	72.3785	221.857	232.918	226.802	198.33	102.88	185.943	134.282	159.642	164.44	264.279	264.279	348.945	348.945	
aoa	77.5381	123.639	122.073	202.644	110.273	222.959	157.475	238.672	226.504	194.465	205.982	81.4936	103.795	82.7187	80.0675	240.491	45.9277	251.738	46.8245	54.1503	123.639	123.639	157.475	157.475	
path_number	23
link_state	1
TX	746.751	159.602	4.59938
RX	403.744	933.63	1.6
delay	31.639	740.288	226.351	266.004	972.026	28.4467	946.23	84.6894	151.79	74.2745	171.278	72.8105	762.208	319.91	769.849	103.965	290.621	352.603	1885.07	226.351	226.351	28.4467	28.4467	
pathloss	165.62	164.339	157.313	163.062	167.678	157.59	165.326	162.916	165.792	173.094	166.072	170.779	163.926	172.56	174.551	173.915	173.398	178.673	178.853	157.313	157.313	157.59	157.59	
zod	93.1553	93.0199	92.4989	92.9616	92.0038	92.7024	93.1804	92.2428	92.0059	93.5708	92.1066	93.4909	92.1965	91.6714	93.6817	93.6291	91.618	91.2922	91.294	92.4989	92.4989	92.7024	92.7024	
zoa	121.89	116.604	90.8984	105.911	58.523	92.4394	113.491	67.5985	56.8585	142.782	59.7538	139.503	61.9931	35.4245	148.857	148.422	31.8575	16.7712	16.6871	90.8984	90.8984	92.4394	92.4394	
aod	11.69	355.203	295.416	345.526	210.998	313.717	12.7685	242.586	218.704	28.0914	232.368	26.6466	228.535	207.465	40.1219	24.5441	187.985	185.974	172.213	295.416	295.416	313.717	313.717	
aoa	134.882	132.15	116.655	127.496	93.2505	119.816	135.317	96.6273	93.04	141.238	92.6937	139.539	95.2285	88.0456	145.132	138.355	87.0328	79.5865	81.219	116.655	116.655	119.816	119.816	
path_number	23
link_state	1
TX	744.271	920.802	3.30752
RX	403.744	933.63	1.6
delay	1654.67	649.085	828.895	530.088	847.068	852.366	25.454	1466.56	1320.16	1032.13	360.502	55.726	2963.55	2357.37	236.714	715.593	570.753	931.3	279.035	1654.67	1654.67	828.895	828.895	
pathloss	142.262	151.23	143.065	143.119	148.167	150.252	153.125	148.498	154.121	150.151	156.07	153.702	149.733	149.622	147.315	155.584	152.118	152.82	166.096	142.262	142.262	143.065	143.065	
zod	91.2365	90.3223	91.0546	91.2325	91.8825	90.394	92.4627	92.0246	89.9283	90.1691	92.663	92.5426	90.3514	90.3886	90.7018	92.7309	90.087	90.0693	94.061	91.2365	91.2365	91.0546	91.0546	
zoa	89.675	74.498	86.7731	91.201	101.301	78.4021	106.961	97.8899	70.0488	78.1399	110.973	109.508	76.4494	77.2081	80.7615	109.961	72.9685	73.779	128.143	89.675	89.675	86.7731	86.7731	
aod	335.795	253.649	332.497	34.8538	88.1834	258.825	107.779	68.3683	235.154	271.794	130.376	120.181	261.409	266.329	267.667	135.506	232.493	226.734	151.212	335.795	335.795	332.497	332.497	
aoa	178.921	161.704	173.008	182.447	190.944	156.888	195.059	192.091	157.298	159.501	196.47	197.881	160.403	163.698	165.851	199.481	158.97	158.087	206.631	178.921	178.921	173.008	173.008	
path_number	24
link_state	1
TX	341.455	411.362	2.89173
RX	403.744	933.63	1.6
delay	4460.14	1131.61	1538.22	140.092	142.386	3255.06	3418.16	642.16	194.151	3065.02	186.945	2858.79	3072.45	329.417	4714.87	480.01	81.8997	2746.38	331.834	478.887	1131.61	1131.61	140.092	140.092	
pathloss	163.544	162.971	172.881	160.55	166.32	168.563	164.66	165.068	163.325	164.886	172.169	171.39	178.941	179.574	176.493	180.02	176.557	183.408	181.396	182.587	162.971	162.971	160.55	160.55	
zod	91.7325	91.915	91.408	91.8278	91.6339	91.6114	91.9421	91.9736	91.7759	91.9996	92.2847	91.509	91.2189	92.4918	91.285	92.5082	92.3458	91.0609	92.6157	92.6167	91.915	91.915	91.8278	91.8278	
zoa	82.0817	95.4252	53.934	92.0429	70.0944	68.2374	102.949	103.16	82.2005	99.9607	125.573	55.885	37.8467	143.195	41.2373	146.076	140.469	21.4917	145.605	154.507	95.4252	95.4252	92.0429	92.0429	
aod	191.502	314.516	165.728	279.949	184.382	175.183	313.911	318.132	210.225	327.796	23.9436	158.803	145.701	38.0276	139.487	44.5505	22.0831	125.736	37.8848	46.8635	314.516	314.516	279.949	279.949	
aoa	70.1323	91.2356	56.8123	83.8346	62.3095	60.8185	101.783	98.5715	70.5784	95.7984	110.232	57.8673	48.9434	117.251	54.6161	114.772	113.862	47.4836	117.942	117.583	91.2356	91.2356	83.8346	83.8346	
path_number	24
link_state	1
TX	239.55	868.142	4.51209
RX	403.744	933.63	1.6
delay	66.0611	548.177	79.5821	217.436	482.793	191.487	2008.73	670.229	143.22	474.429	1714.32	604.041	708.511	1218.72	145.67	540.411	1782.96	1107.1	64.4601	404.693	191.487	191.487	2008.73	2008.73	
pathloss	145.212	142.306	147.335	145.598	142.951	141.629	141.946	143.275	145.472	145.726	146.572	146.066	147.057	145.854	147.016	149.281	148.622	154.61	151.886	152.102	141.629	141.629	141.946	141.946	
zod	81.993	95.2591	74.9206	75.8168	87.8767	91.7023	91.9361	83.7092	80.5805	99.2311	103.608	101.551	76.4531	75.7067	106.436	70.5348	68.9682	56.7471	64.1843	116.788	91.7023	91.7023	91.9361	91.9361	
zoa	86.0817	89.4038	83.853	84.8711	87.1423	88.3084	88.5705	86.9537	86.0391	92.1668	93.5496	93.8203	84.7514	84.7603	94.5804	82.728	82.3344	77.1641	79.5578	98.729	88.3084	88.3084	88.5705	88.5705	
aod	120.981	254.013	91.5066	109.46	156.19	196.171	213.156	107.402	67.0273	326.374	312.444	324.976	57.8283	93.0075	330.138	49.1134	36.7324	345.196	7.04296	61.0508	196.171	196.171	213.156	213.156	
aoa	344.775	29.8984	341.947	353.454	2.14041	21.8582	28.383	1.56778	350.514	59.9532	58.92	54.2358	344.483	350.816	50.1911	343.069	341.176	322.913	324.814	74.9947	21.8582	21.8582	28.383	28.383	
path_number	16
link_state	2
TX	371.195	815.57	2.93115
RX	403.744	933.63	1.6
delay	758.361	39.1091	103.937	2258.15	313.18	697.634	689.385	2249.77	2090.39	3004.95	2309.69	3103.21	758.361	758.361	103.937	103.937	
pathloss	104.267	112.71	107.42	108.467	115.301	110.785	113.127	115.287	117.197	115.323	116.274	114.671	104.267	104.267	107.42	107.42	
zod	90.6228	87.931	92.7055	88.5052	93.7979	87.7697	93.65	93.9697	87.1822	93.8136	94.1088	93.874	90.6228	90.6228	92.7055	92.7055	
zoa	89.3772	58.3165	115.613	65.3375	124.866	64.8227	127.432	130.696	51.7934	133.686	132.528	125.81	89.3772	89.3772	115.613	115.613	
aod	254.586	340.794	149.353	19.4251	216.206	8.39525	162.837	202.978	309.648	190.765	186.811	214.817	254.586	254.586	149.353	149.353	
aoa	74.5862	53.4996	92.9522	53.9825	98.0167	51.6836	96.5498	99.2455	49.9044	99.1171	99.9995	96.114	74.5862	74.5862	92.9522	92.9522	
path_number	23
link_state	1
TX	726.142	326.393	3.57448
RX	403.744	933.63	1.6
delay	810.942	1377.43	870.487	559.309	1000.93	28.5809	1236.91	449.334	614.183	353.927	387.846	453.05	3121.41	245.595	353.698	160.569	296.182	120.528	2.48402	1377.43	1377.43	1000.93	1000.93	
pathloss	169.39	163.68	167.644	168.362	165.07	172.323	169.971	169.455	168.593	166.672	168.716	167.307	171.63	170.31	167.962	175.36	175.917	178.597	178.014	163.68	163.68	165.07	165.07	
zod	92.3586	92.2735	92.2403	92.2299	92.2785	92.3954	92.2169	92.3701	92.2252	92.3158	92.2298	92.3146	92.3918	92.3717	92.3447	92.4177	92.4474	92.4782	92.4725	92.2735	92.2735	92.2785	92.2785	
zoa	101.139	90.6361	81.8189	78.6161	86.7155	105.89	78.3121	101.649	79.2604	98.7634	79.2458	96.8885	103.632	101.721	96.6649	114.293	113.355	116.148	116.884	90.6361	90.6361	86.7155	86.7155	
aod	339.443	296.213	266.423	253.59	282.231	341.976	252.3	347.117	255.722	327.17	263.821	322.767	343.843	347.974	326.181	352.203	351.956	12.0248	3.69504	296.213	296.213	282.231	282.231	
aoa	126.688	117.534	111.07	111.567	113.762	128.831	109.526	125.534	111.051	122.573	108.846	123.977	128.499	126.645	125.238	128.802	128.556	133.306	130.963	117.534	117.534	113.762	113.762	
path_number	24
link_state	1
TX	356.324	577.006	3.19569
RX	403.744	933.63	1.6
delay	657.424	1141.27	1131.56	777.74	25.3093	241.068	2628.58	501.56	1898.2	197.421	835.563	156.506	3703.28	1052.54	2284.08	693.632	78.2511	1091.75	498.684	2933.61	657.424	657.424	1052.54	1052.54	
pathloss	142.317	150.427	150.69	147.674	151.837	147.099	153.45	149.319	147.424	149.542	149.069	146.498	149.732	145.223	149.113	153.144	164.101	152.646	157.369	163.502	142.317	142.317	145.223	145.223	
zod	91.3861	87.5872	86.9261	93.5939	95.3707	88.4697	86.1307	94.2524	93.5582	88.1036	94.1762	89.0544	94.8733	90.0271	88.2218	86.2731	100.912	86.4681	97.9889	81.8593	91.3861	91.3861	90.0271	90.0271	
zoa	89.1677	74.2823	69.8135	100.531	107.296	79.8362	66.7142	104.54	102.707	72.9768	102.239	81.7625	105.717	85.2057	75.4415	68.2991	136.779	67.7054	121.757	44.8304	89.1677	89.1677	85.2057	85.2057	
aod	274.73	163.537	137.303	329.138	25.3493	175.985	128.249	11.1873	352.91	155.3	358.238	175.479	5.96752	196.875	160.716	142.642	82.7184	132.822	48.477	83.167	274.73	274.73	196.875	196.875	
aoa	77.6156	23.4017	21.1671	134.699	146.604	37.3707	29.0575	128.395	128.739	33.235	137.809	34.0647	129.943	47.4057	31.6158	17.2896	176.564	10.6125	160.284	340.842	77.6156	77.6156	47.4057	47.4057	
path_number	8
link_state	2
TX	367.513	866.081	4.26092
RX	403.744	933.63	1.6
delay	4899	2875.41	1035.84	4426.65	4899	4899	1035.84	1035.84	
pathloss	103.769	105.262	99.9889	107.632	103.769	103.769	99.9889	99.9889	
zod	91.9882	101.899	85.1115	81.8834	91.9882	91.9882	85.1115	85.1115	
zoa	88.0118	119.088	61.4561	49.3739	88.0118	88.0118	61.4561	61.4561	
aod	241.792	198.294	303.891	261.087	241.792	241.792	303.891	303.891	
aoa	61.7923	211.739	284.725	260.365	61.7923	61.7923	284.725	284.725	
path_number	22
link_state	1
TX	523.282	495.735	3.77796
RX	403.744	933.63	1.6
delay	1672.41	49.3272	199.283	723.253	970.271	139.336	833.759	523.524	210.081	860.376	104.494	307.185	311.674	621.252	50.5202	746.684	1363.18	179.329	723.253	723.253	210.081	210.081	
pathloss	149.466	146.535	147.894	146.508	147.789	148.203	153.238	149.108	145.8	150.018	152.911	154.805	154.201	152.706	156.913	161.216	163.849	168.947	146.508	146.508	145.8	145.8	
zod	91.3872	91.6528	91.6213	91.6736	91.6767	91.4258	90.9929	92.1258	91.747	92.1745	92.5151	92.7494	92.7287	90.9926	92.9696	93.5157	93.7334	94.187	91.6736	91.6736	91.747	91.747	
zoa	85.5485	90.0843	88.1922	89	87.2499	88.6809	81.4533	94.0646	90.9614	94.1173	98.7731	100.158	101.642	81.7282	104.531	107.676	109.702	118.892	89	89	90.9614	90.9614	
aod	231.154	314.558	233.739	260.47	251.933	244.348	194.322	339.253	292.073	336.34	23.5664	359.942	2.81462	211.871	29.8827	52.4393	58.4747	81.0971	260.47	260.47	292.073	292.073	
aoa	87.0207	115.664	89.4807	100.946	87.7924	87.2902	72.8455	125.183	99.6154	131.759	137.453	142.11	138.019	78.118	137.894	146.591	156.355	157.853	100.946	100.946	99.6154	99.6154	
path_number	24
link_state	1
TX	214.021	216.574	3.28315
RX	403.744	933.63	1.6
delay	1018.92	166.715	629.957	2056.77	1152.35	290.195	1599.12	172.019	175.941	662.393	112.305	395.332	912.556	1096.58	98.1256	197.899	201.671	838.409	1468.9	92.8767	1018.92	1018.92	166.715	166.715	
pathloss	163.241	168.865	169.946	170.528	169.624	170.254	172.859	170.622	171.321	169.587	175.468	178.118	175.452	179.693	178.704	179.096	178.964	185.597	181.04	183.814	163.241	163.241	168.865	168.865	
zod	92.6128	90.6675	90.2658	94.6645	90.156	90.0528	88.9723	90.5874	89.8878	90.3699	88.4899	87.5477	88.5932	87.5194	87.838	97.3281	97.1607	85.9154	86.674	99.0406	92.6128	92.6128	90.6675	90.6675	
zoa	89.5351	82.1555	78.337	104.595	81.9257	78.7093	75.2085	77.0856	75.7807	79.6369	70.0712	65.7435	70.7054	62.9444	64.2885	115.75	117.138	54.7307	58.9585	122.014	89.5351	89.5351	82.1555	82.1555	
aod	269.959	183.988	174.531	351.934	173.069	163.936	153.787	145.931	152.495	155.436	119.175	100.32	110.166	100.018	121.195	52.7642	58.3511	66.4191	108.695	82.1889	269.959	269.959	183.988	183.988	
aoa	74.6217	358.738	358.872	156.051	1.29196	357.829	338.001	2.94132	358.904	349.838	323.806	330.346	333.67	332.849	347.337	191.957	186.405	307.588	319.712	199.437	74.6217	74.6217	358.738	358.738	
path_number	24
link_state	1
TX	656.472	741.374	4.25512
RX	403.744	933.63	1.6
delay	14.027	1552.92	286.907	1438.89	1313.85	502.508	443.825	169.114	967.792	226.469	333.842	6.31757	219.132	31.8695	225.223	573.019	422.094	66.3692	15.9055	106.453	1552.92	1552.92	1438.89	1438.89	
pathloss	150.679	146.609	150.626	146.147	157.207	151.586	156.506	155.739	153.522	151.332	147.382	158.073	158.434	156.059	157.83	155.982	158.123	163.046	160.217	164.093	146.609	146.609	146.147	146.147	
zod	88.238	91.0128	88.9126	91.0516	96.8021	88.4025	86.4584	86.3941	87.7947	93.8359	90.0248	85.3645	84.9548	86.671	85.786	96.405	97.0008	83.0095	98.396	99.4975	91.0128	91.0128	91.0516	91.0516	
zoa	84.8929	91.2606	84.9913	88.9081	100.54	83.3945	78.8072	80.7213	82.0971	94.8215	89.3884	77.8829	77.4269	80.7087	78.6533	100.013	101.07	72.6577	103.193	106.427	91.2606	91.2606	88.9081	88.9081	
aod	234.218	336.495	262.375	334.352	63.5085	257.544	225.51	227.117	220.991	34.1319	279.316	220.453	205.488	214.801	202.857	63.4595	66.1157	180.316	91.9292	96.161	336.495	336.495	334.352	334.352	
aoa	109.075	147.21	114.365	149.354	184.375	113.082	103.971	100.36	102.405	169.673	131.504	100.008	94.9736	105.884	101.65	184.657	181.854	90.091	191.468	195.404	147.21	147.21	149.354	149.354	
path_number	24
link_state	1
TX	877.451	628.663	3.01103
RX	403.744	933.63	1.6
delay	722.922	396.494	19.6161	221.354	1267.39	87.2772	468.54	354.431	271.618	135.399	419.652	137.139	26.1446	324.133	59.5786	303.559	356.71	63.7339	188.721	36.4937	19.6161	19.6161	354.431	354.431	
pathloss	170.174	169.301	166.702	173.04	171.168	177.823	172.254	166.112	166.778	173.7	176.75	173.713	172.036	173.378	173.699	175.398	175.134	175.092	177.896	184.923	166.702	166.702	166.112	166.112	
zod	91.8386	92.1352	91.9259	92.2474	92.1536	92.5451	92.2636	91.9637	92.0312	91.6805	92.4495	92.3503	92.1819	92.3699	91.6697	91.5552	91.5496	91.5596	91.4387	92.9124	91.9259	91.9259	91.9637	91.9637	
zoa	79.9922	97.1921	86.0697	108.853	107.957	121.478	105.044	91.2772	94.7256	71.195	116.626	111.736	102.91	109.954	69.5628	62.2731	64.2117	68.1895	60.0255	136.621	86.0697	86.0697	91.2772	91.2772	
aod	297.49	355.947	314.08	13.3446	7.89858	23.8773	13.4857	330.587	345.817	278.001	19.3079	21.1126	10.5586	5.10892	282.313	286.672	273.523	277.531	263.438	41.109	314.08	314.08	330.587	330.587	
aoa	131.481	158.696	141.261	166.123	163.879	172.936	167.699	148.44	155.638	130.983	169.767	165.238	163.054	162.738	128.528	126.319	127.682	126.371	126.053	175.519	141.261	141.261	148.44	148.44	
path_number	24
link_state	1
TX	268.247	152.587	2.43913
RX	403.744	933.63	1.6
delay	34.8698	953.744	1075.52	1066.29	539.913	1047.36	568.158	860.483	260.426	444.114	6.01711	321.69	248.125	388.051	893.683	156.012	617.063	920.005	107.641	1856.31	34.8698	34.8698	1066.29	1066.29	
pathloss	164.932	171.111	168.41	166.928	169.478	172.751	179.724	173.386	171.032	174.688	182.077	174.552	176.232	181.709	180.472	175.171	180.791	175.746	178.218	182.451	164.932	164.932	166.928	166.928	
zod	92.4071	94.6766	91.2418	92.9099	94.165	95.6038	98.1792	95.6235	94.7981	96.7455	85.7513	96.1862	87.6033	98.8835	98.6098	96.597	98.3133	87.7998	86.8093	99.3026	92.4071	92.4071	92.9099	92.9099	
zoa	91.1863	101.953	82.2428	92.8711	97.8258	107.646	119.75	105.187	101.82	107.075	58.0754	110.356	67.372	123.752	123.608	109.762	118.694	68.1876	64.796	120.055	91.1863	91.1863	92.8711	92.8711	
aod	271.961	326.292	225.44	288.122	327.416	337.877	24.8615	2.34841	341.194	355.829	128.567	350.104	155.015	29.0731	20.4848	10.3359	26.0118	160.736	140.093	33.4797	271.961	271.961	288.122	288.122	
aoa	68.4723	177.026	21.8344	135.339	147.247	176.781	199.637	180.533	167.02	187.642	292.914	196.51	329.891	216.441	207.522	188.178	219.689	337.921	306.305	221.728	68.4723	68.4723	135.339	135.339	
path_number	24
link_state	1
TX	406.218	220.586	4.73282
RX	403.744	933.63	1.6
delay	104.106	735.388	115.916	484.127	647.384	177.771	168.138	52.7247	512.189	1181.82	208.989	105.047	2240.41	342.26	1141.93	1228.14	915.974	604.176	411.866	784.824	115.916	115.916	168.138	168.138	
pathloss	172.239	174.059	167.463	171.905	180.402	173.448	169.203	174.881	169.75	174.605	171.139	171.243	175.972	178.407	177.346	177.458	177.725	186.774	182.073	182.536	167.463	167.463	169.203	169.203	
zod	92.7822	91.981	92.4472	92.7374	93.3159	92.8253	92.2362	93.0331	92.1249	91.9402	92.6195	92.1734	91.8925	93.1733	93.1214	93.0774	93.1598	91.1828	91.4453	93.4705	92.4472	92.4472	92.2362	92.2362	
zoa	110.414	66.0186	87.364	105.305	133.044	107.009	85.2036	114.998	79.2764	70.2861	100.001	77.2058	65.4786	125.456	126.748	120.541	123.185	31.5182	44.7999	139.137	87.364	87.364	85.2036	85.2036	
aod	325.812	213.548	271.658	320.955	346.429	317.878	235.829	331.19	242.079	198.263	308.79	223.231	205.451	347.076	336.257	339.053	346.445	171.638	195.705	357.18	271.658	271.658	235.829	235.829	
aoa	128.636	53.739	92.6697	121.778	145.71	123.273	70.5138	133.096	62.3894	49.4837	115.653	59.2912	42.7935	143.912	138.228	144.163	140.148	18.3768	27.3393	146.368	92.6697	92.6697	70.5138	70.5138	
path_number	12
link_state	2
TX	398.144	942.111	4.10749
RX	403.744	933.63	1.6
delay	2834.68	621.859	3937.57	1039.06	1244.99	1913.37	4.25261	3003.2	2834.68	2834.68	621.859	621.859	
pathloss	94.2363	91.6605	98.89	94.6456	95.8475	95.4119	98.4007	99.171	94.2363	94.2363	91.6605	91.6605	
zod	103.86	120.575	73.2326	77.9485	76.9357	77.4299	73.6027	135.797	103.86	103.86	120.575	120.575	
zoa	76.1403	100.818	30.2092	41.9755	37.8657	43.1213	36.5636	115.471	76.1403	76.1403	100.818	100.818	
aod	123.44	65.4653	139.716	186.512	188.623	179.496	156.175	127.921	123.44	123.44	65.4653	65.4653	
aoa	303.44	358.063	215.503	226.016	222.601	227.911	223.185	16.9458	303.44	303.44	358.063	358.063	
path_number	24
link_state	1
TX	474.541	833.402	2.8795
RX	403.744	933.63	1.6
delay	150.973	485.969	12.7078	27.2198	190.54	288.571	22.4815	130.916	515.116	426.767	118.437	185.163	421.67	702.07	223.09	574.276	161.013	172.31	210.223	551.617	130.916	130.916	702.07	702.07	
pathloss	130.075	131.779	134.796	131.72	134.229	130.853	130.319	129.957	133.371	133.602	133.03	135.457	134.509	129.976	135.901	142.033	135.402	139.242	138.261	146.355	129.957	129.957	129.976	129.976	
zod	86.7897	72.2886	138.749	95.999	123.768	89.78	90.0316	86.9743	114.05	62.6544	61.3765	45.6563	123.21	94.3528	124.026	2.01828	135.622	20.9029	24.4855	36.5834	86.9743	86.9743	94.3528	94.3528	
zoa	88.0161	84.0054	97.4121	91.8813	96.4893	88.4323	90.4676	87.5414	95.0812	81.8718	83.3306	80.1279	96.3025	88.5924	99.7137	63.9124	103.172	71.4454	75.2221	56.7475	87.5414	87.5414	88.5924	88.5924	
aod	303.678	271.912	5.55834	335.575	356.698	283.918	292.96	307.008	350.129	276.177	265.335	257.101	347.174	303.568	2.86914	236.134	343.821	227.066	235.45	207.47	307.008	307.008	303.568	303.568	
aoa	113.041	95.6828	171.884	149.203	167.36	107.52	111.977	127.28	160.707	75.4281	95.1796	73.8196	161.321	117.823	176.868	52.5329	165.981	59.931	63.0794	30.6543	127.28	127.28	117.823	117.823	
path_number	23
link_state	1
TX	557.143	381.019	2.49022
RX	403.744	933.63	1.6
delay	380.126	353.396	139.332	116.634	6.63522	157.739	187.696	1691.51	157.972	42.4358	667.203	472.897	294.846	284.747	454.642	108.604	1024.47	125.673	171.876	353.396	353.396	454.642	454.642	
pathloss	151.329	143.308	155.611	151.8	151.337	158.192	156.575	155.344	156.137	158.571	154.051	155.932	151.534	155.777	149.01	157.778	158.547	162.925	163.633	143.308	143.308	149.01	149.01	
zod	92.7462	92.0711	93.2977	92.7739	91.0352	93.6138	93.3558	93.2438	90.5168	93.5613	93.2056	90.7653	91.0786	93.2513	92.5579	93.5114	93.637	89.8937	94.1617	92.0711	92.0711	92.5579	92.5579	
zoa	102.17	87.4432	107.163	102.524	79.4826	110.865	108.387	106.317	69.918	111.385	105.204	75.5209	77.4271	107.145	98.5293	111.248	112.036	61.9873	116.422	87.4432	87.4432	98.5293	98.5293	
aod	342.241	292.662	5.05453	339.566	225.037	6.81189	6.05061	8.95607	200.448	4.44613	3.38878	199.892	216.642	8.86021	342.792	11.7008	11.7485	193.224	18.8192	292.662	292.662	342.792	342.792	
aoa	142.178	106.807	147.492	150.564	67.4184	156.954	154.352	149.362	61.964	163.05	149.487	59.073	70.2073	155.256	133.121	149.34	154.75	50.9534	162.501	106.807	106.807	133.121	133.121	
path_number	23
link_state	1
TX	548.227	152.131	3.41262
RX	403.744	933.63	1.6
delay	131.011	131.998	731.824	27.9272	231.841	214.28	655.007	101.513	140.985	236.026	115.212	198.365	64.2759	200.689	271.102	501.376	378.527	51.858	187.721	131.998	131.998	731.824	731.824	
pathloss	163.708	159.066	158.159	169.437	162.297	171.417	163.36	161.885	164.769	163.141	168.906	164.784	165.372	164.77	166.761	165.557	169.823	167.944	182.574	159.066	159.066	158.159	158.159	
zod	92.8188	92.5387	92.5021	93.1246	92.1495	93.2917	92.7065	92.7574	92.0006	92.8028	93.1095	92.1104	92.9887	92.0913	92.9302	91.9266	93.1628	91.8778	90.9714	92.5387	92.5387	92.5021	92.5021	
zoa	100.626	92.3075	87.4129	111.096	82.8639	115.683	100.454	95.2606	78.5367	100.34	112.622	78.3585	104.031	78.4836	107.853	73.648	110.2	70.1082	45.0912	92.3075	92.3075	87.4129	87.4129	
aod	326.223	302.243	287.52	335.399	238.041	350.535	332.206	329.271	236.138	328.042	349.908	233.194	326.795	228.845	339.763	223.982	342.92	224.858	181.754	302.243	302.243	287.52	287.52	
aoa	112.131	107.035	102.186	120.65	88.9206	121.937	113.466	109.416	83.0205	114.501	120.14	84.6467	116.153	87.0749	114.362	86.3455	117.593	84.4968	72.8202	107.035	107.035	102.186	102.186	
path_number	24
link_state	1
TX	188.974	412.446	3.74642
RX	403.744	933.63	1.6
delay	61.7166	28.5871	152.24	53.9875	2249.22	514.676	1273.74	237.281	2090.52	5.15433	204.637	84.6206	1346.83	222.521	1322	135.798	679.261	2220.25	71.9515	846.74	514.676	514.676	204.637	204.637	
pathloss	183.453	187.133	185.2	188.556	185.225	183.395	185.297	185.763	187.283	187.552	183.351	186.77	194.42	193.239	203.763	197.27	199.387	202.046	206.633	202.306	183.395	183.395	183.351	183.351	
zod	92.1466	92.4656	91.9443	92.6034	91.8259	92.0849	91.8768	91.7453	92.507	91.7353	92.0889	91.8153	93.1772	93.1976	94.2332	93.5929	93.9144	93.9687	94.3478	93.9994	92.0849	92.0849	92.0889	92.0889	
zoa	89.636	97.9376	85.4717	97.7472	83.9577	88.4855	84.3645	86.1982	97.3294	82.0385	89.6358	83.9318	111.183	107.77	128.382	117.109	119.646	123.805	131.989	124.578	88.4855	88.4855	89.6358	89.6358	
aod	260.402	299.13	192.991	308.287	206.844	242.053	214.672	209.46	300.005	185.315	258.54	182.841	348.882	328.649	20.3603	349.608	354.437	16.6712	19.2525	18.1181	242.053	242.053	258.54	258.54	
aoa	73.8269	88.6104	49.7869	90.4212	53.6034	66.8478	50.4209	54.6507	91.25	42.8512	67.9706	46.5142	105.349	102.553	113.42	113.761	111.09	113.404	126.038	116.646	66.8478	66.8478	67.9706	67.9706	
path_number	24
link_state	1
TX	194.546	268.716	4.8328
RX	403.744	933.63	1.6
delay	221.675	251.341	102.879	322.668	31.1626	219.9	93.4016	518.492	318.585	37.4658	213.854	292.826	11.0435	271.331	278.507	198.632	85.1534	28.9445	142.323	32.055	221.675	221.675	322.668	322.668	
pathloss	162.92	166.139	164.12	161.93	168.836	164.678	171.544	168.508	167.816	164.572	166.031	173.51	169.095	170.885	170.488	169.514	173.894	178.374	170.609	178.929	162.92	162.92	161.93	161.93	
zod	92.2076	91.8532	92.5059	92.6066	91.6572	92.6435	91.4116	93.0864	91.8134	92.0515	91.8987	91.2282	91.5598	93.4446	93.43	93.2441	93.7602	94.2036	91.4653	90.388	92.2076	92.2076	92.6066	92.6066	
zoa	85.3218	75.2163	101.176	91.4934	67.1937	96.6953	55.7515	116.55	64.3856	81.1504	77.8702	55.8172	69.0294	123.134	115.352	117.213	126.7	140.629	62.6257	35.6925	85.3218	85.3218	91.4934	91.4934	
aod	238.638	209.817	281.926	249.848	207.173	279.896	196.16	306.198	207.576	212.892	220.167	184.075	206.941	316.561	313.37	307.863	316.909	329.045	198.421	172.531	238.638	238.638	249.848	249.848	
aoa	64.0065	54.2977	81.9715	71.5311	49.0308	88.7892	42.3076	96.105	47.9715	58.455	51.6285	44.5867	51.1776	99.6115	98.0762	94.0672	99.1699	108.077	45.7719	36.3821	64.0065	64.0065	71.5311	71.5311	
path_number	22
link_state	1
TX	853.006	646.236	4.02529
RX	403.744	933.63	1.6
delay	768.404	193.815	318.1	44.1078	146.944	215.943	266.569	261.518	305.316	323.905	181.697	576.529	87.4311	41.3409	20.1586	186.234	201.259	249.199	768.404	768.404	44.1078	44.1078	
pathloss	154.85	161.871	162.002	159.011	162.884	163.727	168.108	166.203	165.102	166.723	166.75	167.247	164.094	170.877	169.074	167.368	164.779	173.641	154.85	154.85	159.011	159.011	
zod	92.1448	93.6215	93.355	92.8162	93.8481	93.865	89.0099	89.6075	89.8022	89.0766	94.4788	94.4892	94.2206	95.5211	88.7594	94.6362	89.7727	96.1562	92.1448	92.1448	92.8162	92.8162	
zoa	90.2743	98.0874	98.0695	95.1954	100.576	100.134	72.863	76.6733	77.9056	76.2978	104.33	104.979	101.571	109.692	74.1212	106.666	77.2153	110.636	90.2743	90.2743	95.1954	95.1954	
aod	331.07	23.2281	33.6452	10.1635	24.6144	37.6527	241.575	245.432	257.966	246.114	38.465	43.5567	35.8322	55.2146	240.533	45.1757	255.533	49.3853	331.07	331.07	10.1635	10.1635	
aoa	144.004	168.796	173.056	163.994	175.471	174.58	109.908	115.421	122.694	118.858	181.644	182.611	176.622	180.631	117.963	176.686	116.001	183.858	144.004	144.004	163.994	163.994	
